[59.677486419677734, 444.71710205078125]
[70.8857650756836, 512.0332641601562]
[66.36246490478516, 449.1477355957031]
[81.8471450805664, 478.608642578125]
[126.8381576538086, 353.41314697265625]
[101.38607788085938, 444.6736755371094]
[56.289730072021484, 448.0561828613281]
[64.31957244873047, 316.72149658203125]
[87.69660949707031, 447.6575012207031]
[251.23179626464844, 397.8930358886719]
[71.39897918701172, 424.9710388183594]
[16.56454086303711, 513.9005737304688]
[114.45193481445312, 539.1627197265625]
[73.48292541503906, 328.7727966308594]
[133.9233856201172, 464.8108215332031]
[16.501174926757812, 549.6641235351562]
[40.60342788696289, 501.94879150390625]
[114.33541107177734, 507.2613830566406]
[16.604976654052734, 331.898193359375]
[268.0963134765625, 482.8079528808594]
[218.21316528320312, 553.7692260742188]
[334.8833923339844, 412.5457458496094]
[84.4175796508789, 448.54144287109375]
[92.24302673339844, 486.9526672363281]
[16.50004768371582, 572.5756225585938]
[66.71793365478516, 511.9458923339844]
[79.33365631103516, 444.0435485839844]
[16.653934478759766, 379.531494140625]
[16.714731216430664, 408.1766357421875]
[79.70095825195312, 441.75128173828125]
[59.77613830566406, 450.1552429199219]
[16.50003433227539, 487.1172180175781]
[271.478271484375, 506.52734375]
[228.0740966796875, 380.8978576660156]
[35.70094680786133, 473.6037292480469]
[188.47161865234375, 580.134765625]
[16.865894317626953, 442.0879821777344]
[51.396339416503906, 458.257568359375]
[68.65399932861328, 447.48114013671875]
[64.53839874267578, 434.92083740234375]
[253.0050048828125, 528.1138305664062]
[68.47000885009766, 445.5332336425781]
[84.41133880615234, 456.5604248046875]
[64.2858657836914, 475.19964599609375]
[91.85372161865234, 488.25048828125]
[184.6508331298828, 463.5108337402344]
[63.88367462158203, 449.3570556640625]
[35.55335998535156, 573.2537231445312]
[61.33693313598633, 475.8987731933594]
[147.24575805664062, 576.3886108398438]
[61.48146057128906, 450.76202392578125]
[217.10488891601562, 570.4207763671875]
[34.23554229736328, 580.459228515625]
[124.91692352294922, 478.0807800292969]
[99.75286102294922, 580.4229736328125]
[16.668292999267578, 405.27618408203125]
[322.6059875488281, 463.17315673828125]
[39.63692092895508, 485.2507019042969]
[17.013845443725586, 406.2041320800781]
[184.3767547607422, 463.5326232910156]
[199.74212646484375, 580.4396362304688]
[82.790771484375, 448.4905090332031]
[60.68484878540039, 449.89227294921875]
[246.82276916503906, 533.3170166015625]
[82.16346740722656, 450.23748779296875]
[129.3157958984375, 459.1369934082031]
[105.8096694946289, 493.8975830078125]
[62.531089782714844, 413.20513916015625]
[157.4683074951172, 365.86248779296875]
[71.5089111328125, 424.9913024902344]
[61.276817321777344, 447.9791564941406]
[16.60491180419922, 382.1618347167969]
[16.787704467773438, 473.1826171875]
[88.88933563232422, 448.4394836425781]
[96.22664642333984, 496.6305847167969]
[16.89626121520996, 451.1941833496094]
[76.0378646850586, 442.8255310058594]
[124.67595672607422, 580.306640625]
[146.4940643310547, 580.4556884765625]
[211.4985809326172, 575.9391479492188]
[202.99085998535156, 516.8643798828125]
[93.7206039428711, 430.4207763671875]
[38.443756103515625, 483.9784851074219]
[16.500593185424805, 576.0679321289062]
[92.32916259765625, 441.0989990234375]
[16.999711990356445, 411.392333984375]
[65.9682846069336, 322.5714111328125]
[16.556034088134766, 350.3113098144531]
[157.49758911132812, 457.0185546875]
[16.797595977783203, 391.31195068359375]
[69.38296508789062, 372.1903076171875]
[16.50729751586914, 554.8949584960938]
[210.07241821289062, 340.9323425292969]
[115.63582611083984, 509.5241394042969]
[16.503713607788086, 319.3019714355469]
[126.42141723632812, 491.6347351074219]
[16.619356155395508, 408.29229736328125]
[69.68146514892578, 437.4626770019531]
[72.6142807006836, 513.6908569335938]
[33.59117126464844, 361.9207763671875]
