% # columns="iteration, evaluation, min max(neg(.)) min(pos(.)) max correlation, correlation matrix principle axes lengths  (sorted square roots of eigenvalues of correlation matrix)", seed=1166833, Fri Oct 25 12:12:48 2019
1 6 0 0 0.263818576191368 0.263818576191368 1 1
2 12 0 0 0.39588660427490946 0.39588660427490946 1 1
3 18 0 0 0.7363816189361339 0.7363816189361339 1 1
4 24 0 0 0.8733649688258005 0.8733649688258005 1 1
5 30 0 0 0.8684516397586004 0.8684516397586004 1 1
6 36 0 0 0.8818345110083212 0.8818345110083213 1 1
7 42 0 0 0.8695960472494253 0.8695960472494253 1 1
8 48 0 0 0.8135989658763656 0.8135989658763655 1 1
9 54 0 0 0.7160999428346173 0.7160999428346173 1 1
10 60 0 0 0.5271375707243845 0.5271375707243845 1 1
11 66 0 0 0.5133010779448769 0.5133010779448769 1 1
12 72 0 0 0.4161043780035345 0.41610437800353445 1 1
13 78 0 0 0.19865592978807997 0.19865592978807994 1 1
14 84 0 0 0.1272103645214469 0.1272103645214469 1 1
15 90 0 0 0.19127503194018436 0.19127503194018436 1 1
16 96 0 0 0.22561421431704656 0.2256142143170466 1 1
17 102 0 0 0.42277033354656945 0.42277033354656945 1 1
18 108 0 0 0.4086792980738612 0.4086792980738613 1 1
19 114 0 0 0.23310001768454774 0.23310001768454774 1 1
20 120 0 0 0.2700988810094911 0.2700988810094911 1 1
21 126 0 0 0.3534148542391196 0.3534148542391196 1 1
22 132 0 0 0.5706114323917701 0.5706114323917701 1 1
23 138 0 0 0.5557851983197847 0.5557851983197847 1 1
24 144 0 0 0.39614292540996016 0.39614292540996016 1 1
25 150 0 0 0.19860804369394078 0.19860804369394078 1 1
26 156 0 0 0.21204172806662216 0.21204172806662216 1 1
27 162 0 0 0.3072615908528803 0.3072615908528803 1 1
28 168 -0.04879002598310974 -0.04879002598310974 0 0 1 1
29 174 -0.18006553906545156 -0.18006553906545156 0 0 1 1
30 180 -0.21999717628059984 -0.21999717628059984 0 0 1 1
31 186 -0.21467008251696093 -0.21467008251696093 0 0 1 1
32 192 -0.16213490814107315 -0.16213490814107315 0 0 1 1
33 198 0 0 0.030768726821591017 0.030768726821591017 1 1
34 204 0 0 0.03686523116717874 0.03686523116717874 1 1
35 210 -0.04831886538431102 -0.04831886538431103 0 0 1 1
36 216 0 0 0.060650053985569545 0.060650053985569545 1 1
37 222 0 0 0.335794084153549 0.335794084153549 1 1
38 228 0 0 0.2553243900030502 0.2553243900030502 1 1
39 234 0 0 0.31328944217575366 0.31328944217575366 1 1
40 240 0 0 0.2775596344557779 0.2775596344557779 1 1
41 246 0 0 0.17924549272603973 0.17924549272603973 1 1
42 252 0 0 0.4675503752651261 0.4675503752651261 1 1
43 258 0 0 0.3840214875400474 0.3840214875400474 1 1
44 264 0 0 0.301694151643801 0.301694151643801 1 1
45 270 0 0 0.23216438348319943 0.23216438348319945 1 1
46 276 0 0 0.05910552915140096 0.05910552915140095 1 1
47 282 0 0 0.09269677193920327 0.09269677193920327 1 1
48 288 0 0 0.14231251547753143 0.14231251547753143 1 1
49 294 0 0 0.3303595199855718 0.3303595199855718 1 1
50 300 0 0 0.3524597545884866 0.3524597545884866 1 1
51 306 0 0 0.24366689140381068 0.24366689140381068 1 1
52 312 0 0 0.023282518489481468 0.023282518489481468 1 1
53 318 -0.09269763394851394 -0.09269763394851394 0 0 1 1
54 324 -0.04746393180722804 -0.04746393180722804 0 0 1 1
55 330 -0.039599947829366794 -0.039599947829366794 0 0 1 1
56 336 0 0 0.03319184366534002 0.03319184366534002 1 1
57 342 -0.0191946128475477 -0.0191946128475477 0 0 1 1
58 348 0 0 0.04756807368267643 0.04756807368267643 1 1
59 354 0 0 0.1811737857376361 0.1811737857376361 1 1
60 360 0 0 0.17092645553711544 0.17092645553711544 1 1
61 366 0 0 0.1962356902557222 0.1962356902557222 1 1
62 372 0 0 0.2165867979539903 0.21658679795399027 1 1
63 378 0 0 0.014242611357190006 0.014242611357190006 1 1
64 384 0 0 0.14380952059896185 0.14380952059896185 1 1
65 390 0 0 0.04017087936629081 0.04017087936629081 1 1
66 396 0 0 6.314468227966793e-05 6.314468227966793e-05 1 1
67 402 -0.04918903257285158 -0.04918903257285158 0 0 1 1
68 408 -0.13152248107759706 -0.13152248107759706 0 0 1 1
69 414 -0.059353717318997905 -0.0593537173189979 0 0 1 1
70 420 0 0 0.05506003088873273 0.05506003088873273 1 1
71 426 -0.14155180672086642 -0.14155180672086642 0 0 1 1
72 432 -0.0710450585647752 -0.0710450585647752 0 0 1 1
73 438 -0.14603629282580036 -0.14603629282580036 0 0 1 1
74 444 -0.0810687046660772 -0.0810687046660772 0 0 1 1
75 450 -0.054260505273268055 -0.054260505273268055 0 0 1 1
76 456 -0.03434530863197727 -0.03434530863197727 0 0 1 1
77 462 0 0 0.13965098291632705 0.13965098291632705 1 1
78 468 0 0 0.423675623430835 0.423675623430835 1 1
79 474 0 0 0.19519809806309993 0.19519809806309993 1 1
80 480 0 0 0.2483274467151423 0.2483274467151423 1 1
81 486 0 0 0.21038453704164048 0.2103845370416405 1 1
82 492 0 0 0.09299622064831181 0.09299622064831181 1 1
83 498 0 0 0.06117660109549702 0.061176601095497024 1 1
84 504 -0.12659082406158448 -0.12659082406158448 0 0 1 1
85 510 0 0 0.03807339745315719 0.03807339745315719 1 1
86 516 0 0 0.0807240799559292 0.0807240799559292 1 1
87 522 0 0 0.026253817973331043 0.026253817973331043 1 1
88 528 0 0 0.021158288915575987 0.021158288915575987 1 1
89 534 -0.09675078949778379 -0.09675078949778378 0 0 1 1
90 540 -0.15065355797437507 -0.15065355797437507 0 0 1 1
91 546 0 0 0.0191830837003662 0.0191830837003662 1 1
92 552 -0.027590217179521263 -0.02759021717952126 0 0 1 1
93 558 -0.16700762464152424 -0.16700762464152424 0 0 1 1
94 564 -0.09558645392727738 -0.09558645392727738 0 0 1 1
95 570 -0.21806447106840227 -0.21806447106840227 0 0 1 1
96 576 -0.3512544085082492 -0.3512544085082492 0 0 1 1
97 582 -0.23956602665288013 -0.2395660266528801 0 0 1 1
98 588 -0.22086646612059016 -0.22086646612059016 0 0 1 1
99 594 -0.15108462089552574 -0.15108462089552574 0 0 1 1
100 600 -0.09275447640470683 -0.09275447640470683 0 0 1 1
101 606 -0.2038085786474105 -0.2038085786474105 0 0 1 1
102 612 -0.24663293373717277 -0.2466329337371728 0 0 1 1
103 618 0 0 0.2764854782646479 0.2764854782646479 1 1
104 624 0 0 0.24114842580506488 0.24114842580506488 1 1
105 630 -0.0010859563100203342 -0.0010859563100203342 0 0 1 1
106 636 0 0 0.06065144614115472 0.06065144614115472 1 1
107 642 0 0 0.23802732174289373 0.2380273217428937 1 1
108 648 0 0 0.1986767160268299 0.1986767160268299 1 1
109 654 -0.12533104971982661 -0.12533104971982661 0 0 1 1
110 660 -0.02998270013010043 -0.02998270013010043 0 0 1 1
111 666 0 0 0.054310441171287596 0.05431044117128759 1 1
112 672 0 0 0.25796146641511314 0.25796146641511314 1 1
113 678 0 0 0.12779507006478705 0.12779507006478705 1 1
114 684 0 0 0.04255655553120418 0.04255655553120418 1 1
115 690 -0.05933674431457871 -0.05933674431457871 0 0 1 1
116 696 -0.018684615549706893 -0.018684615549706893 0 0 1 1
117 702 -0.03534036244702697 -0.03534036244702697 0 0 1 1
118 708 -0.14773218774709035 -0.14773218774709035 0 0 1 1
119 714 -0.20846964539849064 -0.2084696453984906 0 0 1 1
120 720 -0.2616457867479427 -0.2616457867479427 0 0 1 1
121 726 -0.3698448654214302 -0.3698448654214302 0 0 1 1
122 732 -0.2836609667950044 -0.2836609667950044 0 0 1 1
123 738 -0.3123438420934912 -0.3123438420934912 0 0 1 1
124 744 -0.18968263984827147 -0.18968263984827147 0 0 1 1
125 750 -0.3526504725644186 -0.3526504725644186 0 0 1 1
126 756 -0.3698905957030324 -0.3698905957030324 0 0 1 1
127 762 -0.2005177573627278 -0.2005177573627278 0 0 1 1
128 768 -0.01234652199311379 -0.012346521993113788 0 0 1 1
129 774 -0.1385083865233348 -0.1385083865233348 0 0 1 1
130 780 -0.01173045313065173 -0.01173045313065173 0 0 1 1
131 786 -0.017260586886205406 -0.017260586886205406 0 0 1 1
132 792 0 0 0.1428491903154535 0.1428491903154535 1 1
133 798 -0.035479834924386174 -0.035479834924386174 0 0 1 1
134 804 0 0 0.08084697241146317 0.08084697241146317 1 1
135 810 0 0 0.1377088178406941 0.1377088178406941 1 1
136 816 -0.04333498419186781 -0.04333498419186781 0 0 1 1
136 816 -0.04333498419186781 -0.04333498419186781 0 0 1 1
137 822 -0.1295734075656722 -0.1295734075656722 0 0 1 1
137 822 -0.1295734075656722 -0.1295734075656722 0 0 1 1
138 828 0 0 0.047384458692502046 0.047384458692502046 1 1
138 828 0 0 0.047384458692502046 0.047384458692502046 1 1
139 834 0 0 0.11422280828438394 0.11422280828438393 1 1
139 834 0 0 0.11422280828438394 0.11422280828438393 1 1
140 840 -0.13394756298278396 -0.13394756298278396 0 0 1 1
140 840 -0.13394756298278396 -0.13394756298278396 0 0 1 1
141 846 -0.16912960552617948 -0.16912960552617948 0 0 1 1
141 846 -0.16912960552617948 -0.16912960552617948 0 0 1 1
142 852 -0.04100139079599693 -0.04100139079599693 0 0 1 1
142 852 -0.04100139079599693 -0.04100139079599693 0 0 1 1
143 858 -0.09406291103829967 -0.09406291103829967 0 0 1 1
143 858 -0.09406291103829967 -0.09406291103829967 0 0 1 1
144 864 0 0 0.198662124101521 0.198662124101521 1 1
144 864 0 0 0.198662124101521 0.198662124101521 1 1
145 870 0 0 0.15032046626263243 0.15032046626263243 1 1
145 870 0 0 0.15032046626263243 0.15032046626263243 1 1
